0000009
0000574
0000591
0000679
0000886
0000941
0001101
0001115
0001175
0001240
0001285
0001358
0001370
0001440
0001498
0001530
0001592
0001706
0001790
0001803
0001892
0001911
0001964
0001998
0002026
0002031
0002101
0002130
0002153
0002186
0002199
0002329
0002405
0002423
0002445
0002452
0002461
0002500
0002514
0002555
0002556
0002574
0002588
0002605
0002628
0002637
0002646
0002669
0002767
0002801
0002822
0002832
0002844
0002885
0002898
0002917
0002922
0002996
0003002
0003006
0003014
0003015
0003022
0003037
0003102
0003131
0003159
0003165
0003167
0003227
0003241
0003301
0003309
0003316
0003330
0003337
0003362
0003365
0003379
0003386
0003419
0003431
0003438
0003442
0003471
0003489
0003502
0003508
0003565
0003584
0003589
0003595
0003596
0003599
0003600
0003605
0003625
0003630
0003637
0003643
0003657
0003665
0003668
0003670
0003675
0003686
0003692
0003698
0003724
0003735
0003740
0003743
0003748
0003768
0003772
0003804
0003816
0003817
0003838
0003854
0003870
0003871
0003883
0003884
0003886
0003890
0003897
0003930
0003952
0003960
0003965
0003973
0004013
0004022
0004026
0004027
0004052
0004066
0004099
0004121
0004134
0004150
0004164
0004179
0004181
0004182
0004199
0004205
0004207
0004208
0004223
0004238
0004249
0004253
0004257
0004272
0004291
0004294
0004295
0004307
0004313
0004319
0004325
0004328
0004336
0004363
0004369
0004371
0004381
0004384
0004387
0004390
0004391
0004398
0004403
0004415
0004457
0004465
0004496
0004525
0004537
0004545
0004555
0004558
0004593
0004630
0004635
0004651
0004681
0004696
0004707
0004712
0004727
0004728
0004740
0004743
0004757
0004766
0004792
0004825
0004832
0004838
0004846
0004847
0004853
0004866
0004869
0004872
0004873
0004891
0004905
0004907
0004942
0004961
0004972
0004974
0005003
0005005
0005034
0005041
0005049
0005054
0005059
0005060
0005061
0005062
0005076
0005078
0005082
0005084
0005087
0005098
0005149
0005160
0005163
0005172
0005179
0005180
0005190
0005192
0005193
0005195
0005196
0005200
0005209
0005214
0005231
0005232
0005250
0005302
0005339
0005352
0005353
0005363
0005368
0005377
0005381
0005393
0005400
0005402
0005411
0005416
0005460
0005522
0005529
0005535
0005551
0005553
0005554
0005556
0005557
0005561
0005566
0005579